00000000: 00000011 11110011 00001101 00001010 01011110 01010110  ....^V
00000006: 01000000 01011101 01100011 00000000 00000000 00000000  @]c...
0000000c: 00000000 00000000 00000000 00000000 00000000 00000101  ......
00000012: 00000000 00000000 00000000 01000000 00000000 00000000  ...@..
00000018: 00000000 01110011 01110100 00000010 00000000 00000000  .st...
0000001e: 01100100 00000000 00000000 01100100 00000001 00000000  d..d..
00000024: 01101100 00000000 00000000 01011010 00000000 00000000  l..Z..
0000002a: 01100100 00000010 00000000 01011010 00000001 00000000  d..Z..
00000030: 01100100 00000011 00000000 01011010 00000010 00000000  d..Z..
00000036: 01100100 00000100 00000000 01011010 00000011 00000000  d..Z..
0000003c: 01100101 00000000 00000000 01101010 00000100 00000000  e..j..
00000042: 01100101 00000010 00000000 01100101 00000011 00000000  e..e..
00000048: 01100110 00000010 00000000 10000011 00000001 00000000  f.....
0000004e: 01011010 00000101 00000000 01100100 00000101 00000000  Z..d..
00000054: 01011010 00000110 00000000 01100101 00000110 00000000  Z..e..
0000005a: 01100101 00000111 00000000 01100101 00001000 00000000  e..e..
00000060: 01100100 00000110 00000000 10000011 00000001 00000000  d.....
00000066: 10000011 00000001 00000000 00110111 01011010 00000110  ...7Z.
0000006c: 00000000 01100101 00000110 00000000 01100101 00000111  .e..e.
00000072: 00000000 01100101 00001000 00000000 01100100 00000111  .e..d.
00000078: 00000000 10000011 00000001 00000000 10000011 00000001  ......
0000007e: 00000000 00110111 01011010 00000110 00000000 01100101  .7Z..e
00000084: 00000110 00000000 01100101 00000111 00000000 01100101  ..e..e
0000008a: 00001000 00000000 01100100 00001000 00000000 10000011  ..d...
00000090: 00000001 00000000 10000011 00000001 00000000 00110111  .....7
00000096: 01011010 00000110 00000000 01100101 00000110 00000000  Z..e..
0000009c: 01100101 00000111 00000000 01100101 00001000 00000000  e..e..
000000a2: 01100100 00001001 00000000 10000011 00000001 00000000  d.....
000000a8: 10000011 00000001 00000000 00110111 01011010 00000110  ...7Z.
000000ae: 00000000 01100101 00000110 00000000 01100101 00000111  .e..e.
000000b4: 00000000 01100101 00001000 00000000 01100100 00001010  .e..d.
000000ba: 00000000 10000011 00000001 00000000 10000011 00000001  ......
000000c0: 00000000 00110111 01011010 00000110 00000000 01100101  .7Z..e
000000c6: 00000110 00000000 01100101 00000111 00000000 01100101  ..e..e
000000cc: 00001000 00000000 01100100 00001011 00000000 10000011  ..d...
000000d2: 00000001 00000000 10000011 00000001 00000000 00110111  .....7
000000d8: 01011010 00000110 00000000 01100101 00000110 00000000  Z..e..
000000de: 01100101 00000111 00000000 01100101 00001000 00000000  e..e..
000000e4: 01100100 00001100 00000000 10000011 00000001 00000000  d.....
000000ea: 10000011 00000001 00000000 00110111 01011010 00000110  ...7Z.
000000f0: 00000000 01100101 00000110 00000000 01100101 00000111  .e..e.
000000f6: 00000000 01100101 00001000 00000000 01100100 00001101  .e..d.
000000fc: 00000000 10000011 00000001 00000000 10000011 00000001  ......
00000102: 00000000 00110111 01011010 00000110 00000000 01100101  .7Z..e
00000108: 00000110 00000000 01100101 00000111 00000000 01100101  ..e..e
0000010e: 00001000 00000000 01100100 00001110 00000000 10000011  ..d...
00000114: 00000001 00000000 10000011 00000001 00000000 00110111  .....7
0000011a: 01011010 00000110 00000000 01100101 00000110 00000000  Z..e..
00000120: 01100101 00000111 00000000 01100101 00001000 00000000  e..e..
00000126: 01100100 00001110 00000000 10000011 00000001 00000000  d.....
0000012c: 10000011 00000001 00000000 00110111 01011010 00000110  ...7Z.
00000132: 00000000 01100101 00000110 00000000 01100101 00000111  .e..e.
00000138: 00000000 01100101 00001000 00000000 01100100 00001111  .e..d.
0000013e: 00000000 10000011 00000001 00000000 10000011 00000001  ......
00000144: 00000000 00110111 01011010 00000110 00000000 01100101  .7Z..e
0000014a: 00000110 00000000 01100101 00000111 00000000 01100101  ..e..e
00000150: 00001000 00000000 01100100 00010000 00000000 10000011  ..d...
00000156: 00000001 00000000 10000011 00000001 00000000 00110111  .....7
0000015c: 01011010 00000110 00000000 01100101 00000110 00000000  Z..e..
00000162: 01100101 00000111 00000000 01100101 00001000 00000000  e..e..
00000168: 01100100 00010001 00000000 10000011 00000001 00000000  d.....
0000016e: 10000011 00000001 00000000 00110111 01011010 00000110  ...7Z.
00000174: 00000000 01100101 00000110 00000000 01100101 00000111  .e..e.
0000017a: 00000000 01100101 00001000 00000000 01100100 00010010  .e..d.
00000180: 00000000 10000011 00000001 00000000 10000011 00000001  ......
00000186: 00000000 00110111 01011010 00000110 00000000 01100101  .7Z..e
0000018c: 00000110 00000000 01100101 00000111 00000000 01100101  ..e..e
00000192: 00001000 00000000 01100100 00010011 00000000 10000011  ..d...
00000198: 00000001 00000000 10000011 00000001 00000000 00110111  .....7
0000019e: 01011010 00000110 00000000 01100101 00000110 00000000  Z..e..
000001a4: 01100101 00000111 00000000 01100101 00001000 00000000  e..e..
000001aa: 01100100 00001110 00000000 10000011 00000001 00000000  d.....
000001b0: 10000011 00000001 00000000 00110111 01011010 00000110  ...7Z.
000001b6: 00000000 01100101 00000110 00000000 01100101 00000111  .e..e.
000001bc: 00000000 01100101 00001000 00000000 01100100 00000110  .e..d.
000001c2: 00000000 10000011 00000001 00000000 10000011 00000001  ......
000001c8: 00000000 00110111 01011010 00000110 00000000 01100101  .7Z..e
000001ce: 00000110 00000000 01100101 00000111 00000000 01100101  ..e..e
000001d4: 00001000 00000000 01100100 00010100 00000000 10000011  ..d...
000001da: 00000001 00000000 10000011 00000001 00000000 00110111  .....7
000001e0: 01011010 00000110 00000000 01100101 00000110 00000000  Z..e..
000001e6: 01100101 00000111 00000000 01100101 00001000 00000000  e..e..
000001ec: 01100100 00010001 00000000 10000011 00000001 00000000  d.....
000001f2: 10000011 00000001 00000000 00110111 01011010 00000110  ...7Z.
000001f8: 00000000 01100101 00000110 00000000 01100101 00000111  .e..e.
000001fe: 00000000 01100101 00001000 00000000 01100100 00010101  .e..d.
00000204: 00000000 10000011 00000001 00000000 10000011 00000001  ......
0000020a: 00000000 00110111 01011010 00000110 00000000 01100101  .7Z..e
00000210: 00000110 00000000 01100101 00000111 00000000 01100101  ..e..e
00000216: 00001000 00000000 01100100 00010110 00000000 10000011  ..d...
0000021c: 00000001 00000000 10000011 00000001 00000000 00110111  .....7
00000222: 01011010 00000110 00000000 01100101 00000110 00000000  Z..e..
00000228: 01100101 00000111 00000000 01100101 00001000 00000000  e..e..
0000022e: 01100100 00010111 00000000 10000011 00000001 00000000  d.....
00000234: 10000011 00000001 00000000 00110111 01011010 00000110  ...7Z.
0000023a: 00000000 01100101 00000110 00000000 01100101 00000111  .e..e.
00000240: 00000000 01100101 00001000 00000000 01100100 00011000  .e..d.
00000246: 00000000 10000011 00000001 00000000 10000011 00000001  ......
0000024c: 00000000 00110111 01011010 00000110 00000000 01100101  .7Z..e
00000252: 00000101 00000000 01101010 00001001 00000000 01100100  ..j..d
00000258: 00011001 00000000 01100101 00000001 00000000 01100100  ..e..d
0000025e: 00011010 00000000 01100101 00000110 00000000 10000011  ..e...
00000264: 00000000 00000010 00000001 01100101 00000000 00000000  ...e..
0000026a: 01101010 00001010 00000000 01101010 00001011 00000000  j..j..
00000270: 01100101 00000101 00000000 10000011 00000001 00000000  e.....
00000276: 01011010 00001100 00000000 01100101 00001100 00000000  Z..e..
0000027c: 01101010 00001101 00000000 01100100 00011011 00000000  j..d..
00000282: 01100100 00011100 00000000 10000011 00000010 00000000  d.....
00000288: 00000001 01100100 00011101 00000000 01000111 01001000  .d..GH
0000028e: 01100100 00000001 00000000 01010011 00101000 00011110  d..S(.
00000294: 00000000 00000000 00000000 01101001 11111111 11111111  ...i..
0000029a: 11111111 11111111 01001110 01110100 00000110 00000000  ..Nt..
000002a0: 00000000 00000000 01110011 01101000 01100101 01101100  ..shel
000002a6: 01100010 01111001 01110011 00001000 00000000 00000000  bys...
000002ac: 00000000 01110111 01100001 01101100 01101100 00101110  .wall.
000002b2: 01101000 01110100 01100010 01101001 00010110 00000000  htbi..
000002b8: 00000000 00000000 01110100 00000000 00000000 00000000  ..t...
000002be: 00000000 01110100 00000001 00000000 00000000 00000000  .t....
000002c4: 01010011 01110100 00000001 00000000 00000000 00000000  St....
000002ca: 01101000 01110100 00000001 00000000 00000000 00000000  ht....
000002d0: 01100101 01110100 00000001 00000000 00000000 00000000  et....
000002d6: 01101100 01110100 00000001 00000000 00000000 00000000  lt....
000002dc: 01100010 01110100 00000001 00000000 00000000 00000000  bt....
000002e2: 01111001 01110100 00000001 00000000 00000000 00000000  yt....
000002e8: 01010000 01110100 00000001 00000000 00000000 00000000  Pt....
000002ee: 01100001 01110100 00000001 00000000 00000000 00000000  at....
000002f4: 01110011 01110100 00000001 00000000 00000000 00000000  st....
000002fa: 01110111 01110100 00000001 00000000 00000000 00000000  wt....
00000300: 01000000 01110100 00000001 00000000 00000000 00000000  @t....
00000306: 01110010 01110100 00000001 00000000 00000000 00000000  rt....
0000030c: 01100100 01110100 00000001 00000000 00000000 00000000  dt....
00000312: 01001001 01110100 00000001 00000000 00000000 00000000  It....
00000318: 01110100 01110100 00000001 00000000 00000000 00000000  tt....
0000031e: 01101111 01110100 00000001 00000000 00000000 00000000  ot....
00000324: 01101110 01110100 00000001 00000000 00000000 00000000  nt....
0000032a: 01100111 01110100 00000001 00000000 00000000 00000000  gt....
00000330: 00100001 01110100 00001000 00000000 00000000 00000000  !t....
00000336: 01110101 01110011 01100101 01110010 01101110 01100001  userna
0000033c: 01101101 01100101 01110100 00001000 00000000 00000000  met...
00000342: 00000000 01110000 01100001 01110011 01110011 01110111  .passw
00000348: 01101111 01110010 01100100 01110011 00010001 00000000  ords..
0000034e: 00000000 00000000 00101111 01110110 01100001 01110010  ../var
00000354: 00101111 01110111 01110111 01110111 00101111 01101000  /www/h
0000035a: 01110100 01101101 01101100 00101110 01111010 01101001  tml.zi
00000360: 01110000 01110011 00001000 00000000 00000000 00000000  ps....
00000366: 01101000 01110100 01101101 01101100 00101110 01111010  html.z
0000036c: 01101001 01110000 01110011 00001010 00000000 00000000  ips...
00000372: 00000000 01011011 00101011 01011101 00100000 01000100  .[+] D
00000378: 01101111 01101110 01100101 00100000 00100001 00101000  one !(
0000037e: 00001110 00000000 00000000 00000000 01110100 00001000  ....t.
00000384: 00000000 00000000 00000000 01110000 01100001 01110010  ...par
0000038a: 01100001 01101101 01101001 01101011 01101111 01010010  amikoR
00000390: 00010101 00000000 00000000 00000000 01110100 00000100  ....t.
00000396: 00000000 00000000 00000000 01101000 01101111 01110011  ...hos
0000039c: 01110100 01110100 00000100 00000000 00000000 00000000  tt....
000003a2: 01110000 01101111 01110010 01110100 01110100 00001001  portt.
000003a8: 00000000 00000000 00000000 01010100 01110010 01100001  ...Tra
000003ae: 01101110 01110011 01110000 01101111 01110010 01110100  nsport
000003b4: 01110100 00001001 00000000 00000000 00000000 01110100  t....t
000003ba: 01110010 01100001 01101110 01110011 01110000 01101111  ranspo
000003c0: 01110010 01110100 01010010 00010110 00000000 00000000  rtR...
000003c6: 00000000 01110100 00000011 00000000 00000000 00000000  .t....
000003cc: 01100011 01101000 01110010 01110100 00000011 00000000  chrt..
000003d2: 00000000 00000000 01101111 01110010 01100100 01110100  ..ordt
000003d8: 00000111 00000000 00000000 00000000 01100011 01101111  ....co
000003de: 01101110 01101110 01100101 01100011 01110100 01110100  nnectt
000003e4: 00001010 00000000 00000000 00000000 01010011 01000110  ....SF
000003ea: 01010100 01010000 01000011 01101100 01101001 01100101  TPClie
000003f0: 01101110 01110100 01110100 00001110 00000000 00000000  ntt...
000003f6: 00000000 01100110 01110010 01101111 01101101 01011111  .from_
000003fc: 01110100 01110010 01100001 01101110 01110011 01110000  transp
00000402: 01101111 01110010 01110100 01110100 00001011 00000000  ortt..
00000408: 00000000 00000000 01110011 01100110 01110100 01110000  ..sftp
0000040e: 01011111 01100011 01101100 01101001 01100101 01101110  _clien
00000414: 01110100 01110100 00000011 00000000 00000000 00000000  tt....
0000041a: 01110000 01110101 01110100 00101000 00000000 00000000  put(..
00000420: 00000000 00000000 00101000 00000000 00000000 00000000  ..(...
00000426: 00000000 00101000 00000000 00000000 00000000 00000000  .(....
0000042c: 01110011 00001001 00000000 00000000 00000000 01100010  s....b
00000432: 01100001 01100011 01101011 01110101 01110000 00101110  ackup.
00000438: 01110000 01111001 01110100 00001000 00000000 00000000  pyt...
0000043e: 00000000 00111100 01101101 01101111 01100100 01110101  .<modu
00000444: 01101100 01100101 00111110 00000100 00000000 00000000  le>...
0000044a: 00000000 01110011 01000000 00000000 00000000 00000000  .s@...
00000450: 00001100 00000010 00000110 00000010 00000110 00000001  ......
00000456: 00000110 00000010 00010101 00000010 00000110 00000001  ......
0000045c: 00010110 00000001 00010110 00000001 00010110 00000001  ......
00000462: 00010110 00000001 00010110 00000001 00010110 00000001  ......
00000468: 00010110 00000001 00010110 00000001 00010110 00000001  ......
0000046e: 00010110 00000001 00010110 00000001 00010110 00000001  ......
00000474: 00010110 00000001 00010110 00000001 00010110 00000001  ......
0000047a: 00010110 00000001 00010110 00000001 00010110 00000001  ......
00000480: 00010110 00000001 00010110 00000001 00010110 00000001  ......
00000486: 00010110 00000001 00010110 00000100 00010110 00000010  ......
0000048c: 00010010 00000011 00010000 00000010                    ....

